{
    "n_cust": 7,
    "depot_open": 4.0,
    "depot_close": 7.0,
    "capacity": 2500,
    "speed": 60.0,
    "max_vehicles": 2,
    "cust_df": [
        {
            "Customer": 1,
            "Demand": 700,
            "Service Time (detik)": 1200,
            "Reveal Time (jam)": 4.0,
            "Service Time (jam)": 0.333333
        },
        {
            "Customer": 2,
            "Demand": 500,
            "Service Time (detik)": 1080,
            "Reveal Time (jam)": 4.0,
            "Service Time (jam)": 0.3
        },
        {
            "Customer": 3,
            "Demand": 600,
            "Service Time (detik)": 1080,
            "Reveal Time (jam)": 4.0,
            "Service Time (jam)": 0.3
        },
        {
            "Customer": 4,
            "Demand": 600,
            "Service Time (detik)": 1200,
            "Reveal Time (jam)": 4.0,
            "Service Time (jam)": 0.333333
        },
        {
            "Customer": 5,
            "Demand": 400,
            "Service Time (detik)": 1200,
            "Reveal Time (jam)": 4.0,
            "Service Time (jam)": 0.333333
        },
        {
            "Customer": 6,
            "Demand": 600,
            "Service Time (detik)": 1200,
            "Reveal Time (jam)": 4.0,
            "Service Time (jam)": 0.333333
        },
        {
            "Customer": 7,
            "Demand": 300,
            "Service Time (detik)": 600,
            "Reveal Time (jam)": 4.0,
            "Service Time (jam)": 0.166667
        }
    ],
    "dyn_df": [
        {
            "Customer": 8,
            "Demand": 450,
            "Service Time (detik)": 600,
            "Reveal Time (jam)": 4.53,
            "Service Time (jam)": 0.166667
        },
        {
            "Customer": 9,
            "Demand": 300,
            "Service Time (detik)": 600,
            "Reveal Time (jam)": 4.13,
            "Service Time (jam)": 0.166667
        }
    ],
    "dist_mx": {
        "index": [
            "0",
            "1",
            "2",
            "3",
            "4",
            "5",
            "6",
            "7",
            "8",
            "9"
        ],
        "columns": [
            "0",
            "1",
            "2",
            "3",
            "4",
            "5",
            "6",
            "7",
            "8",
            "9"
        ],
        "data": [
            [
                0.0,
                9.97,
                9.45,
                4.12,
                10.28,
                6.87,
                11.61,
                12.16,
                9.77,
                18.18
            ],
            [
                9.97,
                0.0,
                16.98,
                6.03,
                17.06,
                16.63,
                4.96,
                21.2,
                3.02,
                22.3
            ],
            [
                9.45,
                16.98,
                0.0,
                11.46,
                17.37,
                10.33,
                20.21,
                15.62,
                18.03,
                25.94
            ],
            [
                4.12,
                6.03,
                11.46,
                0.0,
                13.22,
                10.98,
                8.76,
                16.08,
                6.57,
                20.2
            ],
            [
                10.28,
                17.06,
                17.37,
                13.22,
                0.0,
                7.47,
                15.46,
                6.38,
                15.04,
                8.58
            ],
            [
                6.87,
                16.63,
                10.33,
                10.98,
                7.47,
                0.0,
                17.24,
                5.8,
                15.84,
                15.98
            ],
            [
                11.61,
                4.96,
                20.21,
                8.76,
                15.46,
                17.24,
                0.0,
                20.72,
                2.32,
                18.97
            ],
            [
                12.16,
                21.2,
                15.62,
                16.08,
                6.38,
                5.8,
                20.72,
                0.0,
                19.8,
                13.02
            ],
            [
                9.77,
                3.02,
                18.03,
                6.57,
                15.04,
                15.84,
                2.32,
                19.8,
                0.0,
                19.58
            ],
            [
                18.18,
                22.3,
                25.94,
                20.2,
                8.58,
                15.98,
                18.97,
                13.02,
                19.58,
                0.0
            ]
        ]
    },
    "time_mx": {
        "index": [
            "0",
            "1",
            "2",
            "3",
            "4",
            "5",
            "6",
            "7",
            "8",
            "9"
        ],
        "columns": [
            "0",
            "1",
            "2",
            "3",
            "4",
            "5",
            "6",
            "7",
            "8",
            "9"
        ],
        "data": [
            [
                0.0,
                0.1662,
                0.1575,
                0.0687,
                0.1713,
                0.1145,
                0.1935,
                0.2027,
                0.1628,
                0.303
            ],
            [
                0.1662,
                0.0,
                0.283,
                0.1005,
                0.2843,
                0.2772,
                0.0827,
                0.3533,
                0.0503,
                0.3717
            ],
            [
                0.1575,
                0.283,
                0.0,
                0.191,
                0.2895,
                0.1722,
                0.3368,
                0.2603,
                0.3005,
                0.4323
            ],
            [
                0.0687,
                0.1005,
                0.191,
                0.0,
                0.2203,
                0.183,
                0.146,
                0.268,
                0.1095,
                0.3367
            ],
            [
                0.1713,
                0.2843,
                0.2895,
                0.2203,
                0.0,
                0.1245,
                0.2577,
                0.1063,
                0.2507,
                0.143
            ],
            [
                0.1145,
                0.2772,
                0.1722,
                0.183,
                0.1245,
                0.0,
                0.2873,
                0.0967,
                0.264,
                0.2663
            ],
            [
                0.1935,
                0.0827,
                0.3368,
                0.146,
                0.2577,
                0.2873,
                0.0,
                0.3453,
                0.0387,
                0.3162
            ],
            [
                0.2027,
                0.3533,
                0.2603,
                0.268,
                0.1063,
                0.0967,
                0.3453,
                0.0,
                0.33,
                0.217
            ],
            [
                0.1628,
                0.0503,
                0.3005,
                0.1095,
                0.2507,
                0.264,
                0.0387,
                0.33,
                0.0,
                0.3263
            ],
            [
                0.303,
                0.3717,
                0.4323,
                0.3367,
                0.143,
                0.2663,
                0.3162,
                0.217,
                0.3263,
                0.0
            ]
        ]
    }
}