{
  "depot": {
    "tw_open": 4.0,
    "tw_close": 7.0,
    "capacity": 2500,
    "speed": 60.0,
    "max_vehicles": 2
  },
  "customers": [
    {
      "Customer": 1,
      "Demand": 450,
      "Service Time (detik)": 900,
      "Reveal Time (jam)": 4.0
    },
    {
      "Customer": 2,
      "Demand": 700,
      "Service Time (detik)": 1200,
      "Reveal Time (jam)": 4.0
    },
    {
      "Customer": 3,
      "Demand": 400,
      "Service Time (detik)": 720,
      "Reveal Time (jam)": 4.0
    },
    {
      "Customer": 4,
      "Demand": 600,
      "Service Time (detik)": 600,
      "Reveal Time (jam)": 4.0
    },
    {
      "Customer": 5,
      "Demand": 700,
      "Service Time (detik)": 720,
      "Reveal Time (jam)": 4.0
    },
    {
      "Customer": 6,
      "Demand": 650,
      "Service Time (detik)": 600,
      "Reveal Time (jam)": 4.0
    },
    {
      "Customer": 7,
      "Demand": 450,
      "Service Time (detik)": 900,
      "Reveal Time (jam)": 4.0
    },
    {
      "Customer": 8,
      "Demand": 650,
      "Service Time (detik)": 900,
      "Reveal Time (jam)": 4.0
    },
    {
      "Customer": 9,
      "Demand": 300,
      "Service Time (detik)": 900,
      "Reveal Time (jam)": 4.0
    }
  ],
  "dynamic_customers": [
    {
      "Customer": 10,
      "Demand": 400,
      "Service Time (detik)": 900,
      "Reveal Time (jam)": 4.84
    },
    {
      "Customer": 11,
      "Demand": 400,
      "Service Time (detik)": 900,
      "Reveal Time (jam)": 4.47
    }
  ],
  "distance_matrix": [
    [
      0.0,
      10.89,
      20.59,
      15.0,
      11.95,
      12.3,
      14.82,
      12.53,
      11.34,
      7.77,
      13.98,
      9.32
    ],
    [
      10.89,
      0.0,
      31.44,
      24.89,
      12.12,
      17.6,
      24.58,
      8.35,
      19.36,
      15.43,
      18.21,
      10.08
    ],
    [
      20.59,
      31.44,
      0.0,
      12.65,
      28.69,
      23.38,
      13.22,
      31.62,
      16.57,
      18.56,
      23.06,
      27.15
    ],
    [
      15.0,
      24.89,
      12.65,
      0.0,
      18.13,
      11.6,
      0.58,
      22.13,
      18.99,
      18.26,
      24.97,
      17.45
    ],
    [
      11.95,
      12.12,
      28.69,
      18.13,
      0.0,
      7.23,
      17.63,
      4.89,
      23.26,
      19.7,
      25.42,
      2.77
    ],
    [
      12.3,
      17.6,
      23.38,
      11.6,
      7.23,
      0.0,
      11.05,
      11.96,
      22.23,
      19.46,
      26.13,
      7.81
    ],
    [
      14.82,
      24.58,
      13.22,
      0.58,
      17.63,
      11.05,
      0.0,
      21.67,
      19.16,
      18.31,
      25.07,
      17.0
    ],
    [
      12.53,
      8.35,
      31.62,
      22.13,
      4.89,
      11.96,
      21.67,
      0.0,
      23.58,
      19.71,
      24.44,
      4.68
    ],
    [
      11.34,
      19.36,
      16.57,
      18.99,
      23.26,
      22.23,
      19.16,
      23.58,
      0.0,
      3.97,
      6.6,
      20.66
    ],
    [
      7.77,
      15.43,
      18.56,
      18.26,
      19.7,
      19.46,
      18.31,
      19.71,
      3.97,
      0.0,
      6.94,
      17.02
    ],
    [
      13.98,
      18.21,
      23.06,
      24.97,
      25.42,
      26.13,
      25.07,
      24.44,
      6.6,
      6.94,
      0.0,
      22.66
    ],
    [
      9.32,
      10.08,
      27.15,
      17.45,
      2.77,
      7.81,
      17.0,
      4.68,
      20.66,
      17.02,
      22.66,
      0.0
    ]
  ],
  "time_matrix": [
    [
      0.0,
      0.1815,
      0.3432,
      0.25,
      0.1992,
      0.205,
      0.247,
      0.2088,
      0.189,
      0.1295,
      0.233,
      0.1553
    ],
    [
      0.1815,
      0.0,
      0.524,
      0.4148,
      0.202,
      0.2933,
      0.4097,
      0.1392,
      0.3227,
      0.2572,
      0.3035,
      0.168
    ],
    [
      0.3432,
      0.524,
      0.0,
      0.2108,
      0.4782,
      0.3897,
      0.2203,
      0.527,
      0.2762,
      0.3093,
      0.3843,
      0.4525
    ],
    [
      0.25,
      0.4148,
      0.2108,
      0.0,
      0.3022,
      0.1933,
      0.0097,
      0.3688,
      0.3165,
      0.3043,
      0.4162,
      0.2908
    ],
    [
      0.1992,
      0.202,
      0.4782,
      0.3022,
      0.0,
      0.1205,
      0.2938,
      0.0815,
      0.3877,
      0.3283,
      0.4237,
      0.0462
    ],
    [
      0.205,
      0.2933,
      0.3897,
      0.1933,
      0.1205,
      0.0,
      0.1842,
      0.1993,
      0.3705,
      0.3243,
      0.4355,
      0.1302
    ],
    [
      0.247,
      0.4097,
      0.2203,
      0.0097,
      0.2938,
      0.1842,
      0.0,
      0.3612,
      0.3193,
      0.3052,
      0.4178,
      0.2833
    ],
    [
      0.2088,
      0.1392,
      0.527,
      0.3688,
      0.0815,
      0.1993,
      0.3612,
      0.0,
      0.393,
      0.3285,
      0.4073,
      0.078
    ],
    [
      0.189,
      0.3227,
      0.2762,
      0.3165,
      0.3877,
      0.3705,
      0.3193,
      0.393,
      0.0,
      0.0662,
      0.11,
      0.3443
    ],
    [
      0.1295,
      0.2572,
      0.3093,
      0.3043,
      0.3283,
      0.3243,
      0.3052,
      0.3285,
      0.0662,
      0.0,
      0.1157,
      0.2837
    ],
    [
      0.233,
      0.3035,
      0.3843,
      0.4162,
      0.4237,
      0.4355,
      0.4178,
      0.4073,
      0.11,
      0.1157,
      0.0,
      0.3777
    ],
    [
      0.1553,
      0.168,
      0.4525,
      0.2908,
      0.0462,
      0.1302,
      0.2833,
      0.078,
      0.3443,
      0.2837,
      0.3777,
      0.0
    ]
  ]
}