{
  "depot": {
    "tw_open": 4.0,
    "tw_close": 7.0,
    "capacity": 2500,
    "speed": 60.0,
    "max_vehicles": 2
  },
  "customers": [
    {
      "Customer": 1,
      "Demand": 350,
      "Service Time (detik)": 1080,
      "Reveal Time (jam)": 4.0
    },
    {
      "Customer": 2,
      "Demand": 700,
      "Service Time (detik)": 1080,
      "Reveal Time (jam)": 4.0
    },
    {
      "Customer": 3,
      "Demand": 450,
      "Service Time (detik)": 1080,
      "Reveal Time (jam)": 4.0
    },
    {
      "Customer": 4,
      "Demand": 400,
      "Service Time (detik)": 1200,
      "Reveal Time (jam)": 4.0
    },
    {
      "Customer": 5,
      "Demand": 700,
      "Service Time (detik)": 720,
      "Reveal Time (jam)": 4.0
    }
  ],
  "dynamic_customers": [
    {
      "Customer": 6,
      "Demand": 450,
      "Service Time (detik)": 900,
      "Reveal Time (jam)": 5.42
    }
  ],
  "distance_matrix": [
    [
      0.0,
      2.18,
      17.24,
      11.46,
      13.15,
      11.43,
      4.72
    ],
    [
      2.18,
      0.0,
      18.91,
      9.38,
      11.55,
      12.97,
      6.65
    ],
    [
      17.24,
      18.91,
      0.0,
      27.98,
      23.22,
      20.8,
      16.68
    ],
    [
      11.46,
      9.38,
      27.98,
      0.0,
      11.49,
      19.35,
      14.98
    ],
    [
      13.15,
      11.55,
      23.22,
      11.49,
      0.0,
      24.5,
      17.86
    ],
    [
      11.43,
      12.97,
      20.8,
      19.35,
      24.5,
      0.0,
      6.99
    ],
    [
      4.72,
      6.65,
      16.68,
      14.98,
      17.86,
      6.99,
      0.0
    ]
  ],
  "time_matrix": [
    [
      0.0,
      0.0363,
      0.2873,
      0.191,
      0.2192,
      0.1905,
      0.0787
    ],
    [
      0.0363,
      0.0,
      0.3152,
      0.1563,
      0.1925,
      0.2162,
      0.1108
    ],
    [
      0.2873,
      0.3152,
      0.0,
      0.4663,
      0.387,
      0.3467,
      0.278
    ],
    [
      0.191,
      0.1563,
      0.4663,
      0.0,
      0.1915,
      0.3225,
      0.2497
    ],
    [
      0.2192,
      0.1925,
      0.387,
      0.1915,
      0.0,
      0.4083,
      0.2977
    ],
    [
      0.1905,
      0.2162,
      0.3467,
      0.3225,
      0.4083,
      0.0,
      0.1165
    ],
    [
      0.0787,
      0.1108,
      0.278,
      0.2497,
      0.2977,
      0.1165,
      0.0
    ]
  ]
}