{
  "depot": {
    "tw_open": 4.0,
    "tw_close": 7.0,
    "capacity": 2500,
    "speed": 60.0,
    "max_vehicles": 2
  },
  "customers": [
    {
      "Customer": 1,
      "Demand": 550,
      "Service Time (detik)": 1100,
      "Reveal Time (jam)": 4.0
    },
    {
      "Customer": 2,
      "Demand": 540,
      "Service Time (detik)": 1080,
      "Reveal Time (jam)": 4.0
    },
    {
      "Customer": 3,
      "Demand": 550,
      "Service Time (detik)": 1100,
      "Reveal Time (jam)": 4.0
    },
    {
      "Customer": 4,
      "Demand": 480,
      "Service Time (detik)": 960,
      "Reveal Time (jam)": 4.0
    },
    {
      "Customer": 5,
      "Demand": 500,
      "Service Time (detik)": 1000,
      "Reveal Time (jam)": 4.0
    },
    {
      "Customer": 6,
      "Demand": 650,
      "Service Time (detik)": 1300,
      "Reveal Time (jam)": 4.0
    },
    {
      "Customer": 7,
      "Demand": 630,
      "Service Time (detik)": 1260,
      "Reveal Time (jam)": 4.0
    }
  ],
  "dynamic_customers": [
    {
      "Customer": 8,
      "Demand": 450,
      "Service Time (detik)": 936,
      "Reveal Time (jam)": 4.5
    }
  ],
  "distance_matrix": [
    [
      0,
      13,
      9,
      16,
      24,
      17,
      21,
      10,
      10
    ],
    [
      13,
      0,
      23,
      11,
      50,
      28,
      15,
      13,
      13
    ],
    [
      9,
      23,
      0,
      87,
      19,
      31,
      51,
      87,
      87
    ],
    [
      16,
      11,
      87,
      0,
      35,
      21,
      8,
      30,
      30
    ],
    [
      24,
      50,
      19,
      35,
      0,
      39,
      25,
      51,
      51
    ],
    [
      17,
      28,
      31,
      21,
      39,
      0,
      14,
      17,
      17
    ],
    [
      21,
      15,
      51,
      8,
      25,
      14,
      0,
      5,
      5
    ],
    [
      10,
      13,
      87,
      30,
      51,
      17,
      5,
      0,
      0
    ],
    [
      10,
      13,
      87,
      30,
      51,
      17,
      5,
      0,
      0
    ]
  ],
  "time_matrix": [
    [
      0.0,
      0.22,
      0.15,
      0.27,
      0.4,
      0.28,
      0.35,
      0.17,
      0.17
    ],
    [
      0.22,
      0.0,
      0.38,
      0.18,
      0.83,
      0.47,
      0.25,
      0.22,
      0.22
    ],
    [
      0.15,
      0.38,
      0.0,
      1.45,
      0.32,
      0.52,
      0.85,
      1.45,
      1.45
    ],
    [
      0.27,
      0.18,
      1.45,
      0.0,
      0.58,
      0.35,
      0.13,
      0.5,
      0.5
    ],
    [
      0.4,
      0.83,
      0.32,
      0.58,
      0.0,
      0.65,
      0.42,
      0.85,
      0.85
    ],
    [
      0.28,
      0.47,
      0.52,
      0.35,
      0.65,
      0.0,
      0.23,
      0.28,
      0.28
    ],
    [
      0.35,
      0.25,
      0.85,
      0.13,
      0.42,
      0.23,
      0.0,
      0.08,
      0.08
    ],
    [
      0.17,
      0.22,
      1.45,
      0.5,
      0.85,
      0.28,
      0.08,
      0.0,
      0.0
    ],
    [
      0.17,
      0.22,
      1.45,
      0.5,
      0.85,
      0.28,
      0.08,
      0.0,
      0.0
    ]
  ]
}